4294967294,0
144,0
4294967279,354
149,15
149,0
150,105
6,4
151,158
151,157
151,156
151,155
151,154
151,153
151,152
151,151
151,150
151,149
151,148
151,147
67,5
148,0
149,14
149,13
150,104
150,103
150,102
148,32
148,31
148,30
148,29
148,28
148,27
148,26
148,25
146,92
146,91
146,90
151,146
4294967278,348
146,89
151,145
151,144
4294967278,541
4294967278,557
4294967279,325
151,143
151,142
151,141
151,140
150,101
4294967278,342
4294967279,386
150,100
150,99
150,98
150,97
150,96
150,95
150,94
150,93
150,92
150,91
150,90
150,89
150,88
150,87
150,86
150,85
150,84
4294967278,545
4,80
4294967278,544
70,105
4294967278,356
4294967278,319
4294967278,318
4294967278,317
151,139
151,0
19,6
19,5
145,68
145,67
145,66
145,65
145,0
145,64
145,42
145,41
145,40
145,5
145,39
145,38
145,37
145,6
145,36
145,35
145,34
151,138
151,137
151,136
151,135
151,134
151,133
151,132
151,131
151,130
151,129
151,127
151,126
151,125
4,17
151,124
4294967279,329
4294967278,343
151,123
151,122
151,121
151,120
151,128
151,119
151,118
151,117
151,116
151,115
151,114
151,113
151,112
151,111
151,110
151,109
151,108
151,107
4294967279,401
4294967278,335
4294967279,226
149,12
149,11
9,8
9,7
9,5
9,2
150,83
144,11
144,10
150,82
151,106
4294967279,296
146,88
146,87
146,86
146,85
146,84
146,83
150,81
150,80
150,79
150,78
151,105
146,82
146,81
146,80
146,79
146,78
146,77
146,76
151,104
151,103
151,102
151,101
151,100
151,99
151,98
4294967278,345
4294967278,543
148,24
148,23
4294967278,344
151,97
151,96
151,95
151,94
151,93
151,92
151,91
151,90
151,89
151,88
151,87
145,33
150,77
4294967294,42
4294967294,41
4294967294,1456
4294967294,43
4294967294,1451
4294967294,52
4294967294,26
149,10
149,9
148,22
148,21
148,20
148,19
148,18
148,17
148,16
148,15
80,92
80,91
149,8
149,7
150,76
150,75
150,74
150,73
150,72
148,14
148,13
148,12
148,11
148,10
148,9
148,8
148,7
151,86
4294967294,973
4294967294,82
4294967294,1417
151,85
150,71
150,70
150,69
150,68
150,67
150,66
150,65
150,0
150,64
150,38
150,37
150,36
150,35
150,34
150,33
150,32
150,31
150,30
150,29
150,28
150,27
150,26
150,25
150,24
145,32
145,31
145,30
145,29
145,28
145,27
145,26
145,25
145,24
145,23
145,22
145,21
145,20
145,19
145,18
145,17
145,16
145,15
145,14
4,5
144,9
144,8
146,75
146,74
146,73
146,72
146,71
146,70
146,69
146,68
146,67
4294967279,242
151,84
151,83
146,66
146,0
146,65
146,64
4294967279,236
146,38
146,37
146,36
146,35
146,34
146,33
146,32
146,31
146,30
146,29
146,28
146,27
151,82
145,13
151,81
145,12
4294967279,224
151,80
151,79
145,11
4294967278,211
4294967279,212
145,10
151,78
151,77
145,9
151,76
151,75
4294967279,208
151,74
151,73
151,72
151,71
144,7
4294967294,7
151,70
151,69
4,26
151,68
151,67
151,66
4,33
151,65
145,8
145,7
4294967278,191
4,81
4,78
151,64
151,38
151,37
151,36
151,35
151,34
151,33
151,32
151,31
4294967278,188
151,30
151,29
151,28
151,27
151,26
151,25
151,24
4,11
4,21
151,23
151,22
151,21
151,20
151,19
151,18
151,17
151,16
151,15
146,26
146,25
146,24
146,23
146,22
146,21
146,20
146,19
146,18
146,17
146,16
146,15
146,14
33,6
151,14
151,13
151,12
151,11
151,10
151,9
151,8
151,7
146,13
146,12
146,11
146,10
146,9
146,8
146,7
150,23
150,22
150,21
150,20
150,19
150,18
150,17
150,16
150,15
150,14
150,13
150,12
150,11
150,10
150,9
150,8
150,7
88,6
88,5
88,2
88,4
4294967294,1454
154,6
154,5
154,4
154,3
154,2
154,1
153,6
153,5
153,4
153,3
153,2
153,1
152,6
152,5
152,4
152,3
152,2
152,1
4294967278,138
151,6
151,5
151,4
151,3
151,2
151,1
4294967279,413
150,6
150,5
150,4
150,3
150,2
150,1
149,6
149,5
149,4
149,3
149,2
149,1
148,6
148,5
148,4
148,3
148,2
148,1
4294967278,305
147,6
147,5
147,4
147,3
147,2
147,1
146,6
146,5
146,4
146,3
146,2
146,1
4294967279,398
145,4
145,3
145,2
145,1
144,6
144,5
144,4
144,3
144,2
144,1
4294967278,534
4294967278,354
4294967278,350
4294967278,347
4294967279,411
4294967278,339
4294967278,346
4294967278,314
4294967278,539
3,8
4294967278,341
4294967279,376
4294967278,537
4294967278,536
4294967279,267
19,411
19,410
19,2
140,169
140,168
140,167
140,166
140,165
140,164
140,163
4294967278,550
4294967278,301
138,0
4294967279,253
4294967279,249
4294967279,248
139,101
4294967279,323
139,100
139,99
4294967279,238
4294967278,528
140,162
140,161
4294967279,346
140,160
140,159
140,158
140,157
140,156
140,155
140,154
140,153
140,152
4294967278,322
4294967294,6
4294967279,397
137,65
137,0
137,64
137,38
137,37
137,36
137,35
137,34
137,33
4294967278,525
138,12
138,11
139,98
139,97
139,96
137,32
137,31
137,30
137,29
137,28
137,27
137,26
137,25
4294967279,209
133,11
135,89
135,88
135,87
135,86
135,85
140,147
140,146
140,145
4294967278,340
4294967278,533
4294967278,338
139,95
139,94
139,93
139,92
139,91
139,90
139,89
139,88
139,87
139,86
139,85
139,84
139,83
139,82
139,81
139,80
139,79
4294967278,315
4294967278,519
4294967278,360
4294967278,514
140,143
19,409
4294967279,385
4294967278,337
134,68
134,67
134,66
134,41
134,5
134,64
134,38
134,6
134,37
134,36
134,35
4294967278,223
140,142
4294967278,336
4294967279,322
4294967279,327
4294967279,310
140,131
140,130
140,127
140,126
140,125
4294967278,518
4294967279,320
4294967278,516
4294967279,319
3,37
4,91
4,90
4294967279,375
4294967279,202
4294967279,318
4294967279,332
4294967278,181
4294967279,316
140,118
140,117
140,116
140,115
140,114
140,113
140,112
133,10
4294967278,178
137,24
137,23
140,111
140,110
4294967278,171
139,78
140,109
140,108
140,107
140,106
140,105
140,104
140,103
140,102
140,101
4294967279,167
139,77
140,99
138,10
138,9
137,22
137,21
137,20
137,19
137,18
137,17
137,16
137,15
138,8
138,7
139,76
139,75
139,74
137,14
137,13
137,12
137,11
137,10
137,9
137,8
137,7
4294967294,1457
70,83
80,0
135,84
135,83
4294967278,333
135,82
80,82
80,81
80,79
139,73
139,72
139,71
139,70
139,69
139,68
139,67
4294967278,276
139,66
139,65
139,0
4294967279,136
4294967278,135
139,64
4294967279,135
4294967278,134
139,38
139,37
139,36
139,35
139,34
139,33
139,32
139,31
139,30
139,29
139,28
139,27
134,34
134,33
134,32
134,31
134,30
134,29
134,28
134,27
134,26
134,25
134,24
134,23
134,22
134,21
134,20
134,19
134,18
134,17
3,7
134,16
70,82
133,8
135,71
135,70
135,69
135,68
135,67
135,64
135,38
135,37
135,36
135,35
135,34
135,33
135,32
135,31
135,30
135,29
135,28
135,27
135,26
135,25
135,24
135,23
135,22
135,21
135,20
135,19
135,18
135,17
134,15
140,94
140,93
140,92
4294967279,254
134,12
4294967279,250
140,90
140,89
140,88
140,87
140,86
4294967279,237
140,85
140,84
140,83
140,82
140,81
140,80
4294967278,232
140,79
140,78
140,77
140,76
140,75
140,74
4294967278,228
140,73
140,72
140,71
140,70
140,69
140,68
140,67
140,66
140,65
140,64
140,38
140,37
140,36
140,35
140,34
140,33
140,32
140,31
4294967279,214
140,29
140,28
140,27
140,26
140,25
140,24
140,23
140,22
140,21
140,20
140,19
134,9
134,7
140,18
140,17
140,16
140,15
133,7
135,16
135,15
4294967279,205
139,26
139,25
139,24
4294967278,198
4294967279,197
3,4
140,14
140,13
140,12
140,11
140,10
140,9
140,8
140,7
135,14
135,13
135,12
135,11
135,10
135,9
135,8
135,7
139,23
139,22
139,21
139,20
139,19
139,18
139,17
139,16
139,15
139,14
139,13
139,12
139,11
139,10
139,9
139,8
139,7
4,4
4294967294,1462
0,5
4294967294,974
143,6
143,5
143,4
143,3
143,2
143,1
4294967293,131
4294967293,130
4294967293,129
4294967293,128
4294967293,127
4294967293,126
4294967293,125
4294967293,124
4294967293,123
4294967293,122
4294967293,121
4294967293,120
4294967293,119
4294967293,118
4294967293,117
4294967293,116
4294967293,115
4294967293,114
4294967293,113
4294967293,112
4294967293,111
4294967293,110
4294967293,109
4294967293,108
4294967293,107
4294967293,106
4294967293,105
4294967293,104
4294967293,103
4294967293,102
4294967293,101
4294967293,100
4294967293,99
4294967293,98
4294967293,97
4294967293,96
4294967293,95
4294967293,94
4294967293,93
4294967293,92
4294967293,91
4294967293,90
4294967293,89
4294967293,87
4294967293,86
4294967293,85
4294967293,84
4294967293,83
4294967293,82
4294967293,81
4294967293,80
4294967293,79
4294967293,78
4294967293,77
4294967293,76
4294967293,75
4294967293,74
4294967293,73
4294967293,72
4294967293,71
4294967293,70
4294967293,69
4294967293,68
4294967293,67
4294967293,66
4294967293,65
4294967293,64
4294967293,63
4294967293,62
4294967293,61
4294967293,60
4294967293,59
4294967293,58
4294967293,57
4294967293,56
4294967293,55
4294967293,54
4294967293,53
4294967293,52
4294967293,51
4294967293,50
4294967293,49
4294967293,48
4294967293,47
4294967293,46
4294967293,45
4294967293,44
4294967293,43
4294967293,42
4294967293,41
4294967293,40
4294967293,39
4294967293,38
4294967293,37
4294967293,36
4294967293,35
4294967293,34
4294967293,33
4294967293,32
4294967293,31
4294967293,30
4294967293,29
4294967293,28
4294967293,27
4294967293,26
4294967293,25
4294967293,24
4294967293,23
4294967293,22
4294967293,21
4294967293,20
4294967293,19
4294967293,18
4294967293,17
4294967293,16
4294967293,15
4294967293,14
4294967293,13
4294967293,12
4294967293,11
4294967293,10
4294967293,9
4294967293,8
4294967293,7
4294967293,6
4294967293,5
4294967293,4
4294967293,3
4294967279,117
4294967279,116
4294967279,115
4294967279,114
4294967279,113
4294967279,342
4294967279,112
4294967279,111
4294967279,110
4294967279,109
4294967279,108
4294967279,107
4294967279,106
4294967279,105
4294967279,104
4294967279,103
4294967279,102
4294967279,101
4294967279,100
4294967279,99
4294967279,98
4294967279,97
4294967279,96
4294967279,95
4294967279,93
4294967279,92
4294967279,91
4294967279,90
4294967279,89
4294967279,87
4294967279,86
4294967279,85
4294967279,83
4294967279,82
4294967279,81
4294967279,80
4294967279,79
4294967279,78
4294967279,77
4294967279,76
4294967279,75
4294967279,74
4294967279,73
4294967279,72
4294967279,71
4294967279,70
4294967279,69
4294967279,68
4294967279,67
4294967279,66
4294967279,65
4294967279,64
4294967279,63
4294967279,62
4294967279,61
4294967279,60
4294967279,59
4294967279,58
4294967279,56
4294967279,52
4294967279,51
4294967279,50
4294967279,47
4294967279,46
4294967279,45
4294967279,44
4294967279,41
4294967279,40
4294967279,39
4294967279,35
4294967279,34
4294967279,33
4294967279,29
4294967279,28
4294967279,27
4294967279,370
4294967279,49
142,6
142,5
142,4
142,3
142,2
142,1
4294967294,1465
4294967279,43
4294967294,388
141,6
141,5
141,4
141,3
141,2
141,1
4294967279,42
4294967279,37
140,6
140,5
140,3
140,1
4294967279,38
4294967279,36
4294967279,31
139,6
139,5
139,4
139,3
139,2
139,1
4294967279,32
4294967279,30
4294967279,25
138,6
138,5
138,4
138,3
138,2
138,1
4294967279,26
137,6
137,3
137,2
137,1
136,6
136,5
136,4
136,3
136,2
136,1
4294967278,266
4294967294,1452
135,3
135,1
134,3
134,1
4294967279,299
133,3
133,1
7,5
4294967294,1422
4294967294,425
4294967294,471
4294967294,416
71,8
4294967279,399
4294967279,396
4294967279,394
4294967279,311
132,109
132,108
121,0
4,20
4,19
4,36
4,18
4294967279,366
4294967278,524
122,68
122,67
4294967279,312
127,6
4294967278,329
127,104
4294967278,269
19,408
19,407
19,406
4294967278,328
4294967279,308
4294967278,312
4294967278,327
4294967279,297
19,405
4294967279,234
19,404
4294967279,232
4294967279,228
4294967278,326
4294967278,321
126,18
126,0
4294967278,205
4294967279,201
127,103
125,68
80,2
9,9
80,80
80,78
80,77
80,76
80,75
127,102
127,101
125,67
125,66
125,65
125,0
4294967278,324
3,36
3,127
4294967279,53
4294967279,48
15,8
4294967279,57
4294967279,55
125,64
125,38
125,37
125,36
125,35
125,34
125,33
125,32
4294967279,54
127,100
127,99
127,98
125,31
125,30
125,29
4294967279,231
25,6
4294967278,325
4294967278,323
4294967279,289
4294967279,365
4294967278,293
4294967278,522
4294967278,310
4294967278,291
4294967279,378
78,4
8,4
80,5
4294967278,573
83,4
4294967279,393
4294967279,392
4294967279,390
70,104
70,2
4294967279,387
70,65
70,66
70,67
70,68
70,33
70,37
70,35
70,36
70,26
70,22
70,76
70,77
